0 0.765227 0.922187 0.0391823 0.0521063
0 0.787717 0.767268 0.0370418 0.0511522
0 0.384813 0.778895 0.0371647 0.0582271
0 0.613744 0.347612 0.0341888 0.0491366
0 0.101966 0.477565 0.032522 0.0444305
0 0.838706 0.752346 0.0400745 0.0536036
0 0.828886 0.832039 0.0413498 0.0528005
0 0.3488 0.447322 0.0348249 0.0518352
0 0.480658 0.453111 0.0360652 0.0495559
0 0.338983 0.823759 0.0407309 0.0545787
0 0.774638 0.844307 0.04204 0.0548108
0 0.31469 0.408065 0.0349589 0.0487562
0 0.445453 0.41154 0.0372199 0.0506015
0 0.301474 0.775825 0.0399046 0.0519713
0 0.44828 0.784413 0.0349893 0.0506923
0 0.672537 0.960564 0.0377518 0.0532346
0 0.603524 0.705343 0.0327896 0.0492353
0 0.388266 0.301215 0.0342961 0.0488579
0 0.309029 0.815799 0.0424688 0.0709587
0 0.765224 0.922216 0.0390598 0.0520058
0 0.787645 0.76922 0.0382781 0.0497438
0 0.766188 0.407937 0.0305199 0.0482659
0 0.467129 0.31655 0.0275626 0.04879
0 0.390529 0.0775891 0.0274772 0.040023
0 0.33625 0.159097 0.0254482 0.0411649
0 0.838705 0.752315 0.0403126 0.0536834
0 0.828897 0.831994 0.0414229 0.0527477
0 0.0773293 0.374608 0.031639 0.0514393
0 0.430003 0.192218 0.0307513 0.0526671
0 0.623281 0.541299 0.0370974 0.0513774
0 0.464222 0.314206 0.034189 0.0476739
0 0.308293 0.491001 0.0391923 0.0511916
0 0.454782 0.531222 0.0397131 0.0524853
0 0.445248 0.974928 0.0291433 0.0346887
0 0.46431 0.314507 0.0337784 0.0480945
0 0.656595 0.823176 0.0407662 0.0547957
0 0.898431 0.886578 0.038873 0.0537076
0 0.220412 0.444806 0.0382523 0.0518673
0 0.454847 0.530295 0.0399389 0.051866
0 0.244274 0.912574 0.0418838 0.0563432
0 0.367534 0.811774 0.0384575 0.0527778
0 0.689809 0.513435 0.0360149 0.0523968
0 0.398162 0.516109 0.0355158 0.0475197
0 0.333693 0.285196 0.0358441 0.0475577
0 0.260462 0.610601 0.0375679 0.0520824
0 0.400061 0.428684 0.0374684 0.0515326
0 0.629852 0.728499 0.0326108 0.055442
0 0.578748 0.821239 0.0391679 0.0549125
0 0.907287 0.861563 0.0405125 0.0583527
0 0.739882 0.549006 0.0370771 0.0518876
0 0.754332 0.405547 0.0343182 0.0496927
0 0.185335 0.372253 0.033498 0.0524626
0 0.838477 0.755538 0.0431373 0.0519465
0 0.82907 0.827756 0.0387066 0.0533329
0 0.162032 0.688709 0.0363684 0.0527385
0 0.749518 0.271848 0.0288636 0.0482131
0 0.350185 0.644403 0.0359215 0.051245
0 0.493804 0.327434 0.0328623 0.0485666
0 0.347048 0.729692 0.0381588 0.0535297
0 0.244439 0.91356 0.0415123 0.0540856
0 0.683123 0.51541 0.0400354 0.0533594
0 0.83874 0.75232 0.0402179 0.0536583
0 0.828892 0.832034 0.0414288 0.0527291
0 0.89844 0.887007 0.03871 0.052569
0 0.578565 0.81852 0.0375597 0.0550753
0 0.244859 0.915588 0.0443641 0.052653
0 0.690129 0.516102 0.0372277 0.0514393
0 0.367975 0.81488 0.0396222 0.0507897
0 0.347099 0.790085 0.0375707 0.0511362
0 0.505038 0.641339 0.0345858 0.0452199
0 0.273714 0.317446 0.0359279 0.0503506
0 0.485756 0.930496 0.0410249 0.058621
0 0.838711 0.75227 0.040308 0.0537739
0 0.828885 0.831987 0.0414349 0.052837
0 0.852945 0.779636 0.0370952 0.0550996
0 0.828419 0.828222 0.0371752 0.0531627
0 0.425785 0.35383 0.0329078 0.0479599
0 0.741773 0.800575 0.037706 0.0554239
0 0.831851 0.768022 0.0350958 0.0546878
0 0.298022 0.350186 0.0345819 0.0490424
0 0.282229 0.705626 0.0374694 0.0500127
0 0.230834 0.97589 0.0293038 0.0317725
0 0.736094 0.884415 0.0368825 0.0570647
0 0.893775 0.862805 0.0407215 0.0546728
0 0.877953 0.691251 0.0372866 0.0587163
0 0.262379 0.617833 0.0384883 0.053192
0 0.890285 0.8893 0.0421486 0.0510691
0 0.324884 0.505183 0.0368515 0.0504033
0 0.472537 0.507587 0.0350067 0.0549622
0 0.34488 0.504739 0.0340311 0.0522625
0 0.429684 0.926819 0.0376222 0.0538283
0 0.497051 0.921193 0.041051 0.0537557
0 0.65723 0.838071 0.039314 0.0528825
0 0.429104 0.406847 0.0356303 0.0484375
0 0.388755 0.925258 0.0386508 0.0529536
0 0.843742 0.81764 0.0367191 0.0513632
0 0.874236 0.805517 0.0368874 0.0544983
0 0.866874 0.812465 0.0313988 0.0531334
0 0.24482 0.411853 0.0331707 0.0472914
0 0.3095 0.322961 0.0306611 0.0454452
0 0.389709 0.349472 0.03048 0.0441686
0 0.585682 0.490825 0.0346297 0.0488637
0 0.529085 0.287438 0.0297263 0.0452366
0 0.132678 0.283763 0.0309224 0.047467
0 0.80878 0.605051 0.0325737 0.0525217
0 0.46432 0.310637 0.0325804 0.0501622
0 0.300656 0.783062 0.0349352 0.052918
0 0.224066 0.497405 0.0384849 0.0504616
0 0.839792 0.587665 0.0364084 0.0501524
0 0.828132 0.744604 0.0404354 0.0544209
0 0.61536 0.318536 0.0338326 0.0486192
0 0.106618 0.4432 0.031659 0.0487542
0 0.55803 0.617822 0.0380712 0.0501323
0 0.248832 0.496591 0.0379147 0.0513896
0 0.673143 0.913027 0.0365722 0.0585361
0 0.294174 0.350876 0.0323547 0.0520063
0 0.503969 0.638262 0.0349852 0.0493088
0 0.511985 0.93198 0.040983 0.0553488
0 0.578549 0.818464 0.0372137 0.0551324
0 0.938856 0.788047 0.0369599 0.0565512
0 0.709718 0.601489 0.0380701 0.0477832
0 0.172958 0.348004 0.034106 0.0522183
0 0.436086 0.692636 0.0364176 0.0535341
0 0.771896 0.887122 0.0371533 0.0588796
0 0.78783 0.769577 0.0391562 0.0501596
0 0.350596 0.641413 0.0338666 0.0527732
0 0.749556 0.27317 0.0307274 0.0475151
0 0.493811 0.329683 0.0345186 0.047926
