1 0.31015625 0.82890625 0.03359375 0.04375
1 0.33515625 0.78671875 0.02890625 0.0453125
2 0.428125 0.7859375 0.0546875 0.12734375
2 0.28515625 0.95625 0.0546875 0.0875
2 0.56171875 0.17265625 0.04453125 0.1015625
2 0.61328125 0.26875 0.04140625 0.09609375
2 0.62734375 0.371875 0.04375 0.1109375
3 0.53671875 0.0234375 0.02421875 0.046875
3 0.58984375 0.33125 0.0328125 0.0875
0 0.55625 0.25390625 0.03984375 0.03359375
0 0.559375 0.20703125 0.03671875 0.040625
0 0.484375 0.6109375 0.04140625 0.0421875